550 750 700 400 0
700 400 750 600 0
750 600 900 600 0
900 600 900 300 0
900 300 600 300 0
600 300 400 400 0
400 400 500 550 0
500 550 350 500 0
350 500 350 600 0
350 600 250 500 0
250 600 200 400 0
200 400 300 250 0
300 250 600 150 0
600 150 950 250 0
950 250 950 700 0
950 700 550 750 0
650 400 0 0 -1
750 400 0 0 -2

700 400 550 750 0
550 750 950 700 0
950 700 950 250 0
950 250 600 150 0
600 150 300 250 0
300 250 200 400 0
200 400 250 500 0
250 500 350 600 0
350 600 350 500 0
350 500 500 550 0
500 550 400 400 0
400 400 600 300 0
600 300 900 300 0
900 300 900 600 0
900 600 750 600 0
750 600 700 400 0
650 400 0 0 -1
750 400 0 0 -2


350 75 400 50 0
400 50 450 50 0
450 50 500 50 0
500 50 500 100 0
500 100 475 100 0
475 100 450 75 0
450 75 425 100 0
425 100 400 100 0
400 100 400 125 0
400 125 525 125 0
525 125 525 50 0
525 50 475 25 0
475 25 400 25 0
400 25 350 75 0
475 74 0 0 -1
425 74 0 0 -2

350 75 400 25 0
400 25 475 25 0
475 25 525 50 0
525 50 525 125 0
525 125 400 125 0
400 125 400 100 0
400 100 425 100 0
425 100 450 75 0
450 75 475 100 0
475 100 500 100 0
500 100 500 50 0
500 50 450 50 0
450 50 400 50 0
400 50 350 75 0
475 75 0 0 -1
425 75 0 0 -2


324 425 261 462 2
261 462 242 542 2
242 542 290 584 2
290 584 371 614 2
371 614 462 566 2
462 566 373 521 2
373 521 313 529 2
313 529 300 495 2
300 495 324 425 2
490 225 0 0 -1
236 580 0 0 -2



2 2 2 4 0
2 4 6 4 0
6 4 4 3 0
4 3 5 2 0
5 2 2 2 0
3 7 1 7 1
1 7 3 5 1
3 5 3 7 1
1 1 0 0 -1
8 6 0 0 -2


194 391 161 247 0
161 247 271 188 0
271 188 425 243 0
425 243 421 364 0
421 364 194 391 0
150 150 0 0 -1
350 400 0 0 -2

411 314 561 485 0
561 485 729 296 0
729 296 576 102 0
576 102 411 314 0
409 324 0 0 -1
727 284 0 0 -2